18.4084
9.26976
9.32976
10.5616
9.43546
9.07728
9.00822
9.49386
9.48086
9.28832
9.46842
9.72819
9.24643
8.92864
9.34531
9.78934
9.28733
9.43414
9.46845
10.1804
9.57885
9.29789
9.33034
9.79747
9.47235
9.13632
9.0784
9.54483
9.37402
9.63094
10.5985
9.95142
9.70464
9.61674
9.70086
9.79584
9.3177
9.21562
9.12992
9.5279
9.31296
9.51408
9.35574
9.75184
25.0228
9.61632
9.76058
9.84509
9.42358
9.70368
9.67504
10.1063
9.61216
9.55392
9.64522
10.1458
9.96854
10.6607
9.5065
9.81318
9.55472
9.66042
9.73901
10.1513
9.79658
9.6152
9.59238
10.2828
9.83235
9.97504
9.68698
10.3647
9.91914
9.78266
9.74851
10.0053
9.98371
10.0061
10.0043
10.6021
10.0508
10.2136
9.93498
10.7357
10.1112
10.0972
10.2774
10.8383
10.2788
10.2956
10.5182
10.8368
10.4397
10.4331
10.496
11.1802
10.686
11.2957
10.7657
10.711
10.3167
11.2088
10.4686
11.4404
11.2324
11.1711
11.0775
11.9708
11.2005
11.3126
11.3059
12.1323
11.7964
11.9483
11.6622
13.0343
12.4434
12.8151
12.4792
13.8327
12.8536
12.9755
13.2161
15.3414
12.7308
12.7494
13.0263
12.6249
13.3954
13.4722
12.7516
14.2046
13.4773
13.4767
13.4329
14.0417
13.5493
13.9157
14.8638
15.2438
13.8816
14.354
14.2693
14.5155
14.1991
13.7887
14.2639
16.6726
15.0218
15.9816
15.3942
16.3276
14.8415
14.7228
15.1794
16.1498
16.4128
15.7944
16.3868
16.4491
15.4779
14.8657
16.5569
15.3697
16.4384
15.7948
14.5898
15.5932
14.396
14.7971
14.9163
16.506
15.9046
16.8234
15.318
15.7749
15.7337
15.8519
16.0868
16.3063
16.4327
15.9147
16.5575
16.8498
16.4997
16.5918
16.6089
18.1922
16.4775
17.187
16.8464
17.1848
17.7008
17.7132
17.5448
18.3487
17.3349
17.3359
18.2718
17.6428
18.257
17.4346
18.2415
18.5453
19.0228
18.2631
18.9148
18.8022
18.47
18.835
18.2804
18.5443
18.8863
19.681
19.5243
18.6059
19.096
18.8403
19.1257
19.2553
19.1849
18.6458
20.4755
19.4506
19.4907
19.0727
18.9757
19.9944
19.2488
20.1931
20.0324
20.3766
20.0424
19.2971
21.057
20.729
20.6852
19.7896
21.3797
21.0886
20.0406
20.4934
21.006
21.7832
21.2606
21.085
20.2524
21.0062
21.1942
21.881
21.0938
21.4588
23.062
21.9072
21.2812
22.0864
21.7638
23.6008
22.2978
23.0969
21.8171
23.5549
22.7702
23.6335
23.3461
23.8058
24.747
24.7558
24.5928
25.3488
23.8714
25.3924
24.0159
23.6494
23.1558
25.1878
24.4985
24.4129
24.8556
24.9587
24.1679
24.9258
24.8124
25.6733
25.6369
25.6784
25.3434
25.732
26.1057
26.2611
25.6471
26.4165
26.6469
27.3175
25.4424
26.3554
26.1606
26.1356
27.3126
27.2584
26.4942
26.9977
25.6669
27.1906
26.3999
26.6684
26.6495
26.2437
26.66
26.45
27.6631
27.3156
26.2504
25.7742
26.1515
25.6586
26.0951
25.9036
26.0746
26.3618
25.9035
25.4912
25.7449
26.0328
25.6975
25.7061
24.8108
25.4263
25.7051
25.9236
26.6236
27.0645
26.9454
26.2678
26.3695
25.6036
25.3796
24.4739
25.229
25.3899
25.6795
25.7147
24.7173
26.5035
24.9556
24.787
25.5147
25.8458
25.285
24.8733
23.4742
25.963
24.0709
25.5097
24.7673
25.4117
24.9832
25.1262
25.6689
25.1505
25.904
24.6382
23.3585
23.966
24.0259
24.2468
24.0238
23.7039
23.8563
23.1113
23.5965
24.1751
23.7986
23.6154
23.3404
23.7442
23.3149
23.8014
24.1197
23.8576
23.7904
23.8396
24.2361
24.5128
23.4934
23.9507
23.6442
23.8395
24.3465
24.5248
24.5802
24.2399
23.8082
23.7563
23.6425
24.8994
24.1077
25.283
24.6666
24.8001
24.5652
24.0809
24.4723
24.9359
24.4017
24.3455
24.414
24.6136
24.6596
25.204
24.9854
24.8318
24.5208
24.5866
24.6905
25.6499
24.6324
25.2633
24.8549
26.2471
25.7133
26.2452
24.9435
26.332
24.7535
26.0043
25.8564
27.6479
26.2954
25.95
25.9444
26.3054
25.7091
25.9861
25.069
26.0664
26.3514
25.2351
26.978
26.5327
26.1105
28.0508
24.7933
25.7784
24.8783
25.2188
24.9876
26.1192
25.7387
25.3685
24.6053
25.9559
24.6898
24.8682
25.4618
25.6743
24.6763
24.7037
24.573
26.4379
25.8722
25.5903
25.2195
25.7216
26.4026
27.019
25.808
25.8692
25.3169
25.1042
25.302
27.3237
25.9728
26.9524
26.5282
27.6136
26.1699
26.3402
25.3914
25.6405
25.1638
25.4533
25.9267
26.2566
25.0833
25.9499
26.1849
26.5426
25.0214
25.1298
24.3953
25.6171
27.1547
26.7685
25.5755
26.3635
26.5443
25.8542
26.3089
26.8142
24.8885
27.2355
26.5454
25.8418
24.4733
24.4941
24.579
25.5149
26.1054
25.3592
25.6859
26.825
26.9453
25.4784
25.7532
25.3718
27.0398
26.7564
26.1016
26.9708
26.4582
26.06
25.9522
27.0799
27.6236
25.7104
26.3238
26.3718
24.64
25.2338
25.0033
25.9217
25.986
24.4918
24.8535
25.6479
24.671
25.0421
24.7561
25.8296
24.895
24.7195
25.0618
25.2575
25.3643
27.0887
27.4217
27.3313
25.9922
26.6596
27.1203
26.6683
27.1056
26.7175
26.6942
27.1837
27.4421
27.0116
27.4351
27.8564
26.6914
26.69
26.7875
27.7386
27.0028
26.0093
26.6843
27.7064
27.2876
27.59
27.474
26.647
29.0762
26.732
27.0719
26.5912
26.1359
26.224
26.3737
26.2887
25.9776
26.4618
26.2547
27.747
25.6167
26.8595
26.3353
26.1236
26.9501
26.4028
26.3764
26.3168
26.4741
25.4584
27.9733
26.4799
26.0427
25.5994
26.2466
25.8766
26.637
26.933
26.6278
27.8291
27.4916
26.0974
27.4857
27.7179
27.1863
27.1813
26.93
27.7404
27.3883
26.7473
26.8829
27.7986
26.9344
27.2865
27.038
27.3667
27.1817
26.6853
26.9011
26.8093
26.3712
25.8285
26.3925
26.9277
26.631
25.7502
25.8477
26.0765
26.5801
26.1472
26.9809
26.9545
25.6906
25.7476
25.9243
25.4764
25.5294
26.0453
25.728
26.2797
26.1594
26.5856
25.9032
26.4308
26.7457
26.4937
26.297
26.8964
26.0923
26.0762
25.7269
25.955
26.4238
25.7288
26.1385
26.2055
26.1129
28.9203
27.426
26.3192
25.9696
27.3067
27.2271
27.7623
26.9906
26.6892
27.6592
28.8216
28.313
26.8521
27.315
28.1887
27.3273
26.9355
27.0949
27.4397
27.0197
25.99
27.5278
28.9526
26.511
27.3712
26.6293
26.6442
26.6105
27.2904
27.2885
26.7537
26.563
26.8815
28.5034
26.8743
28.3812
25.7137
26.3998
26.2925
25.8488
25.3971
25.0742
25.7672
25.1539
26.9547
25.0575
26.3923
25.4322
25.3876
25.6498
25.7275
25.9679
25.4103
26.0465
25.8587
25.5448
25.6531
25.6526
25.999
25.8135
26.3244
25.6251
26.1591
25.8627
25.5851
25.5443
26.3294
26.179
26.0596
25.7916
26.1608
25.6766
26.2522
25.4337
26.6066
25.4945
25.6911
25.7431
26.2106
25.9119
25.7765
26.1959
25.7549
26.1012
25.9674
26.6931
26.4314
25.8683
26.2125
25.3495
26.0714
25.7489
26.003
25.6626
25.9649
25.9215
26.1148
25.7927
26.3788
25.645
26.3119
25.6471
26.6474
24.6747
25.5645
24.7522
26.2588
25.6081
25.2351
25.7576
26.322
26.0477
25.4687
25.5636
26.0656
25.1908
25.7221
25.7547
26.4555
25.8496
25.543
25.4751
26.9087
25.3213
25.6397
25.0618
25.4651
24.9589
25.4513
25.0362
25.5998
25.4273
25.0825
25.1948
25.6759
24.9547
26.0091
26.1065
25.64
25.4607
25.64
25.623
25.4999
25.7178
25.1973
25.1833
25.7543
25.9108
25.6874
25.7254
26.3335
25.4075
26.3043
26.2282
26.0687
25.4814
25.8219
25.678
26.4145
25.6965
25.523
25.6036
26.1709
26.2787
25.6284
25.2708
26.5602
25.4201
25.3303
25.0484
25.7454
25.2163
24.94
25.8601
25.4862
24.9831
25.3886
25.0913
26.9863
25.4606
25.7319
25.2742
25.6482
25.4561
25.4371
25.2924
26.0985
25.569
25.3272
25.3063
25.8308
25.5648
25.3994
25.4689
25.8678
25.3268
25.9241
24.9028
25.7784
25.317
25.673
25.6696
26.1993
25.6496
25.6354
24.8844
25.8286
25.7392
25.6555
24.7602
25.9401
26.0841
25.3919
25.9587
26.3737
25.8307
25.3561
26.054
27.3187
27.6264
26.762
26.5671
27.6919
25.6872
26.1149
25.6879
25.8076
25.2918
24.7834
25.7884
26.5766
25.499
26.0613
25.7494
28.1818
25.6283
26.7432
25.5502
26.7628
25.7041
26.3302
25.3172
26.1972
25.38
25.4504
26.7737
26.2723
26.2613
26.0131
25.6097
26.0123
25.59
25.0224
25.7401
26.1937
25.0322
25.1188
26.0264
25.7517
26.0254
25.7321
25.5907
26.4468
25.7793
25.5038
25.558
25.9543
25.6173
26.4045
25.8296
26.7252
27.1327
26.2876
25.992
26.5384
26.1735
25.5425
25.6144
26.1154
25.9623
25.9044
25.624
26.6737
25.627
25.6279
25.6559
26.4051
25.4856
25.4034
25.5001
26.052
25.7687
25.7228
25.9352
25.4446
25.3533
26.0278
25.6668
25.8836
25.7366
26.3817
27.4001
26.1223
26.0474
25.359
25.3147
26.1527
26.0909
25.7265
26.2098
26.8298
25.5247
26.2359
26.5689
26.7844
25.6926
26.2815
25.555
26.52
25.1189
26.5352
25.8367
26.7792
27.0487
26.9002
26.2217
26.3837
25.4854
26.0172
25.8518
26.2049
25.8763
25.6404
25.6782
26.0147
25.7381
26.2478
25.9709
26.425
25.9362
26.0478
26.2055
27.7541
26.7166
26.3819
26.6391
27.2167
26.476
26.5476
25.9899
26.4439
26.1336
26.1918
26.9329
27.4197
26.6056
26.8776
27.159
27.5446
26.2949
27.149
26.4272
26.921
26.3769
26.5708
26.1761
26.3994
25.9587
26.4497
26.2836
26.4181
25.7164
26.3555
25.9859
26.1572
25.5185
25.1949
25.9292
25.7852
25.4964
25.4851
25.6378
25.7754
25.1072
25.4393
27.1891
26.2709
25.991
25.6691
25.6677
26.5863
25.8052
25.4076
26.356
26.4531
26.3485
25.8127
26.2553
25.8693
25.5038
26.2555
25.8245
26.3643
25.4174
25.3288
25.501
26.0014
25.425
25.5599
25.3172
25.6267
25.155
26.8417
25.265
26.0116
25.6959
25.5794
25.358
25.4168
24.9861
25.359
25.2389
25.4344
25.0287
25.622
26.121
25.6279
26.0267
25.5019
25.5857
25.7115
24.6998
24.9855
25.0272
25.7643
25.681
25.7789
25.2059
26.8086
26.103
25.3717
25.4361
25.8527
24.9312
25.2084
24.6121
27.4448
26.2154
25.0784
26.3338
27.531
24.636
27.4479
26.2618
27.1806
26.3306
24.5401
26.6341
25.29
24.3708
24.2403
24.5345
25.0665
26.807
26.3052
24.8092
24.5749
25.7909
26.9386
26.2155
27.0877
27.0806
26.8649
26.5328
26.404
25.2409
25.8314
25.7904
26.0692
26.6136
25.9109
25.6034
25.3606
24.7253
24.8219
24.5053
24.6861
24.7252
24.6385
25.2394
25.6967
25.6909
25.0767
25.3074
25.7739
25.7016
25.2415
26.34
25.951
25.4787
25.1185
25.6752
26.3231
25.1636
25.6816
24.781
26.1607
26.0657
26.4029
26.1422
26.2946
26.2729
26.4431
25.9355
25.1634
27.2469
26.02
26.249
26.7642
27.114
26.2564
26.353
26.2275
25.7113
26.5171
26.2274
26.7373
26.1314
25.7617
26.914
26.3301
26.1778
25.8085
26.3847
26.2839
26.4796
25.2542
26.9129
26.2848
26.1749
26.0713
25.5483
26.0436
26.6508
25.858
25.7606
25.9566
26.3172
25.0311
26.314
25.1366
25.7247
25.3492
25.819
26.2818
26.7659
25.2352
25.6588
25.9119
26.2824
25.7708
25.5388
26.4085
26.9026
26.2818
27.0912
26.9356
26.8731
26.556
26.2737
26.3016
27.0548
26.1337
25.2551
25.6393
25.8655
26.052
25.9988
26.4655
26.1711
24.8461
25.0807
26.3224
25.0582
24.6945
25.5879
25.3245
25.4735
25.5774
25.2022
25.69
25.6815
24.7856
25.7492
25.6401
26.3647
26.7323
27.5989
25.08
25.2409
25.6251
25.6664
27.4015
26.9732
26.9579
25.9139
26.0664
26.0045
26.9595
27.9604
28.4743
27.3432
27.0115
28.3096
27.6883
25.8988
25.4812
25.861
26.4581
27.1701
26.2833
27.0064
27.4024
27.7273
28.8371
27.0803
26.115
25.8099
25.4349
26.8069
26.8792
25.392
25.46
25.8565
26.1975
27.6285
27.1628
26.7908
26.1142
26.3294
25.7415
25.9582
25.4437
25.736
25.3899
25.0854
25.0991
25.0424
24.7786
24.8901
25.1181
24.2554
23.9918
24.694
25.5254
25.7182
26.2833
26.3387
25.1612
24.3465
24.6849
25.2914
25.1796
25.6503
24.8146
26.0378
25.3331
26.3707
25.2881
24.2101
26.2939
25.9222
26.1472
25.3143
25.8044
25.7029
26.6408
26.388
26.3904
26.1724
24.3343
25.3879
25.13
24.969
25.1994
25.3776
25.1614
24.4762
24.332
24.7258
24.5893
24.5967
24.2967
24.0448
23.9122
24.0499
24.8716
25.7813
24.9896
24.464
24.747
24.9304
27.3725
24.7372
24.6765
24.8914
25.4353
25.2337
24.3596
24.8575
24.4914
24.0614
24.3327
24.8267
25.8595
25.219
24.8887
25.1025
24.957
25.8278
25.5848
25.6985
26.0677
25.7216
24.7731
26.5068
26.7215
25.3095
24.8663
25.1705
25.3739
25.3922
25.5495
25.2934
25.3373
25.5179
25.6524
25.7508
24.8881
25.2638
24.6066
24.9307
25.5589
25.7887
24.7076
25.2508
26.4397
25.6279
24.8763
25.2219
24.994
24.5628
24.2959
25.3652
24.9173
24.853
24.8555
25.2779
25.1633
24.9193
25.4264
24.6756
25.2952
24.6288
24.9828
25.3713
25.4471
25.574
25.6373
26.8468
25.589
25.1618
25.1453
25.7514
26.3275
26.0317
24.8605
25.8518
26.4998
25.6326
27.2342
26.0632
26.0856
25.724
25.0699
24.7867
26.2137
25.0514
25.7689
25.3012
25.3035
26.3325
25.0649
25.7277
25.7158
25.2255
25.4061
25.7882
26.3291
25.1776
24.8173
25.1905
24.8467
25.787
25.3599
25.5176
25.5375
25.3606
25.8552
25.907
26.6662
26.206
25.2124
25.4108
25.9819
25.5777
25.2145
24.8244
25.1528
25.2259
25.1286
25.3635
25.9403
26.1393
25.5196
25.3343
25.4303
25.7105
25.3377
25.3114
25.8316
26.2865
26.1606
26.0243
25.4888
24.8508
25.5395
26.4259
25.9641
26.9282
26.2397
26.5532
26.666
25.5618
24.784
25.105
25.6301
25.5187
24.6247
25.0884
25.3829
25.058
24.4982
24.852
25.0195
24.3684
24.3743
24.8615
26.554
25.2442
25.1678
25.0481
25.4008
25.2962
24.6746
24.4143
26.2244
24.7755
25.2704
26.8236
25.4457
25.5531
24.8659
25.3204
25.8732
25.9435
25.6072
25.7539
26.3426
25.7495
25.3767
26.3541
26.5936
26.0127
25.7967
25.8348
26.2579
26.1688
25.7045
25.7066
24.7836
24.1318
25.2069
24.9597
24.6748
24.4501
24.6225
24.3884
25.0623
25.4221
25.1119
25.581
25.2812
24.9354
24.578
25.1681
25.0425
25.1046
25.5576
25.619
26.4063
25.4189
24.9199
25.2866
26.5634
25.0381
24.5739
24.8422
26.1927
25.2501
25.4142
25.5332
25.321
25.2529
24.8947
26.1855
25.5549
25.1726
24.7673
24.8817
24.8776
26.4608
26.7118
26.4612
26.3176
25.8688
26.1762
25.957
26.3494
25.3277
25.0587
26.4833
26.8124
27.3551
25.5118
25.2842
25.4088
26.8569
25.0537
25.1008
25.2764
24.9524
24.9504
24.9506
25.1415
24.9115
24.836
25.0801
26.3255
24.7424
25.2136
25.4746
25.7236
24.9779
25.4692
26.8868
27.2537
26.0924
26.6744
27.874
27.8604
26.8468
26.5178
26.7994
27.1693
27.0077
26.9551
27.0046
27.0786
26.6304
26.4194
26.241
27.0648
25.8322
26.4708
26.4356
26.3937
26.7631
26.6262
26.5525
26.9477
24.7782
25.9248
25.42
26.3194
25.3213
25.2017
25.7718
26.2465
25.4648
25.2364
25.6462
26.2134
25.3042
25.0051
25.154
25.6377
25.1368
25.0027
25.1801
25.1654
24.8057
24.9179
26.7239
25.2898
25.1703
25.4274
25.1949
25.7652
25.1864
25.117
24.6007
25.6383
24.9544
26.1511
24.8707
25.5138
24.7773
24.9023
25.1199
25.6278
25.5035
25.702
25.5196
26.4009
26.4537
25.4948
25.2297
26.0714
25.527
26.3139
26.5187
26.8048
25.4508
25.362
25.4252
27.8492
25.6131
25.6457
25.8161
27.5202
26.8605
28.1243
27.6382
26.9418
27.545
27.5514
27.161
27.3989
27.7224
26.5552
27.055
27.6925
26.8557
27.0875
27.0394
26.778
26.7759
26.7672
26.4751
25.6536
25.7839
25.9531
25.7175
25.7682
26.3362
25.7919
26.2871
25.2724
26.1249
25.9348
25.691
25.9994
25.1699
25.3079
26.1261
25.7948
25.0546
24.7105
25.4391
26.4477
26.1273
25.064
26.0404
25.1075
25.1484
24.5281
24.6954
24.6198
23.9581
24.2893
24.9128
25.1456
25.4551
24.9545
24.3613
24.7411
25.0883
24.5582
25.1302
25.0519
24.5492
24.9684
26.472
26.8856
27.3795
26.012
26.1152
26.8994
26.2871
27.59
26.7491
27.5595
27.7633
27.3421
26.952
26.5726
26.2933
26.4794
27.1857
26.0331
26.2618
25.5332
25.753
26.0714
26.9629
26.0794
26.232
26.1217
26.1794
24.9777
25.015
25.6514
25.6251
25.738
25.4745
25.5575
25.4912
25.2026
25.3773
25.8507
25.8498
25.7206
25.1996
25.7176
26.5452
25.7326
26.7636
27.3871
26.2814
26.4169
25.8668
26.6441
26.2815
25.8711
25.5478
25.7442
25.4853
24.9353
25.8804
26.2438
25.1722
24.84
25.1144
25.0929
25.5621
25.3033
25.3809
24.9803
24.7452
24.8817
24.9128
25.0545
25.2434
25.4002
25.6511
25.3613
25.423
25.4738
26.5403
25.6019
25.3688
25.4851
25.2281
25.5355
25.735
25.9774
25.6546
26.0208
25.8757
27.0369
25.6332
25.7526
25.5364
25.2458
