21.028
12.2476
12.8617
12.1573
12.4013
12.2454
12.1725
12.021
13.3189
12.6885
12.3193
12.0786
12.8048
12.8635
12.4251
11.5162
11.1658
11.4341
10.9851
10.8692
11.0231
10.928
10.9768
11.3585
11.6937
11.6908
11.2239
11.4493
11.359
11.619
11.6331
11.4831
11.3332
11.5471
11.6927
11.8759
11.5532
11.9961
11.9224
11.6532
12.6194
10.4424
9.87926
9.25786
9.42854
9.38221
9.06266
9.05766
8.91962
9.66851
9.44989
9.11939
9.06218
9.59741
8.77814
9.10019
8.74742
9.06749
9.00266
8.97619
9.04694
8.63232
8.61837
9.0791
8.93706
9.27005
8.8961
9.56662
9.50147
10.2321
9.39546
8.79786
9.15149
9.16534
9.07837
9.31446
8.98134
8.86256
9.08522
9.26288
9.66656
10.3619
9.63584
9.5191
9.84781
9.8345
9.88467
9.63174
9.36755
9.34093
9.4761
9.86931
10.0506
10.4888
9.9113
10.1868
10.4684
10.4591
10.2881
9.99936
10.2052
10.1181
10.2339
10.5503
10.7479
10.5984
10.5042
10.3905
10.6516
10.4991
10.9752
10.7606
10.6301
11.4647
10.6796
11.4074
11.5251
11.8364
11.7228
11.9101
11.9214
11.4455
11.8036
11.3882
12.0248
12.1876
11.9071
12.1774
11.6265
12.3823
12.1561
12.1907
12.5747
12.4006
12.6044
12.5727
12.546
12.3904
12.1118
12.4723
12.7181
12.4851
12.5769
12.3274
12.6055
12.6426
13.5499
13.44
13.7267
14.3818
14.0759
14.2007
14.2194
14.4445
13.9336
14.5039
14.2873
14.1934
13.9543
14.2828
14.8513
13.751
14.1001
13.49
13.7491
14.1354
14.81
13.862
14.3814
14.343
15.0796
14.6391
14.6473
14.4769
14.6363
14.5211
14.6609
13.6388
14.2509
15.4552
15.2279
15.5617
14.9632
14.7907
14.9159
14.8337
15.2996
14.6809
16.4509
15.1602
14.6528
15.0641
14.6412
14.894
14.9683
14.5224
13.9848
14.1769
14.742
15.0579
15.077
15.5278
15.8366
15.8341
15.3882
16.7555
15.9455
16.2099
16.5229
15.8029
16.1619
16.2701
15.8976
15.3114
15.2082
15.7964
15.3934
17.4732
16.9436
17.1343
17.3376
17.2331
17.3372
16.5314
16.2467
16.8127
16.4729
16.7811
17.1679
16.4964
16.6415
16.5808
16.7462
17.366
17.1162
17.5302
17.5227
17.9936
17.9704
17.2997
16.8658
17.0388
17.7326
17.7352
17.6168
16.7491
16.6253
16.7448
16.661
15.7206
17.8573
17.5729
17.5073
16.7829
16.6948
16.921
17.4878
18.0296
17.3956
17.2821
17.3078
17.3886
17.6273
17.502
17.8384
17.321
17.3917
17.7415
16.9906
16.995
16.4645
16.7546
18.429
16.4383
16.6413
16.6962
15.3603
15.9922
16.7269
15.0075
15.9748
15.6252
15.9005
15.9498
15.3564
14.2541
15.6921
15.3168
15.2229
15.4155
15.3034
15.4612
14.623
15.7188
15.1721
15.5003
15.6198
15.0497
14.6217
15.1933
15.4831
15.9252
15.7195
15.3393
14.5664
16.203
15.3713
15.2391
15.1358
16.0072
14.9001
16.3193
15.8362
15.6682
15.7215
14.422
16.0512
15.7798
15.8566
15.5085
15.3345
14.8797
15.8249
15.5894
15.4163
15.5628
15.7788
15.3119
15.6652
15.532
15.1583
16.2836
15.7952
15.3917
15.9078
15.6074
16.7352
15.2678
15.2054
15.7338
16.0174
16.1178
15.5187
15.4102
15.66
14.9443
16.2509
15.3733
15.5761
16.002
14.5733
16.3697
16.1014
15.4276
15.4716
15.7379
15.4153
15.2566
15.1624
15.6436
15.0026
14.1527
15.0794
15.6078
15.3989
15.1962
14.9473
13.9561
15.4016
15.3221
15.6826
15.4317
15.1163
14.5818
15.5582
15.3805
16.1741
15.7911
14.889
15.9734
15.1183
15.316
15.7071
15.1224
14.9791
15.3303
15.4552
16.0348
15.1314
14.7016
15.3283
15.3989
15.1091
15.273
14.7016
15.9939
15.1828
15.2934
15.5648
14.3124
16.5601
15.5648
15.4726
15.9744
14.891
15.916
15.5658
15.5791
16.171
16.428
15.8525
15.8761
16.0901
15.2013
15.7681
15.8341
15.7092
15.831
17.5114
16.1659
15.958
15.5075
16.2826
15.6539
15.8761
16.2816
15.4348
15.5351
15.657
16.1823
14.7558
15.6621
15.5361
15.4921
15.3559
15.1101
16.3553
15.8382
16.3533
15.3088
16.1034
16.1966
16.2857
15.0164
16.0502
15.7829
16.2898
15.4573
16.2355
15.9857
16.2847
15.0845
15.913
15.6488
16.0133
16.1142
15.8044
15.9109
16.256
15.7071
15.2337
15.4307
16.0553
15.7216
15.8669
16.98
15.806
15.4214
15.999
16.0737
15.8396
16.4628
15.788
15.7829
15.744
16.4601
15.4829
15.3907
15.5771
15.2259
15.8136
15.7276
15.9437
14.8736
16.0963
15.8126
15.8915
15.9037
15.5665
15.2637
15.2668
14.8342
15.6232
15.6713
15.8351
14.978
15.7071
15.5146
15.7706
15.0661
15.7071
15.3395
15.5518
15.9099
15.3651
15.7676
15.916
14.6975
16.4567
15.5679
15.5474
15.9744
15.614
15.6109
15.574
15.5575
15.7788
15.785
15.6467
15.7542
15.403
15.487
15.4921
15.3242
15.4409
15.4913
15.2652
15.7409
16.042
15.4376
15.4644
15.4173
16.6441
15.5843
15.7512
14.9258
15.3604
15.7143
15.5085
15.5924
15.9181
15.3795
15.701
16.3205
15.572
15.6477
15.6948
15.1849
15.6275
15.6549
15.6293
15.1951
15.8024
15.6129
15.9058
14.6979
15.2105
15.618
15.7563
14.9565
15.5239
15.3692
15.7522
14.8037
15.5762
15.5156
15.6518
14.2438
16.3511
15.488
15.3358
15.1951
15.3094
15.6652
15.6095
15.7327
15.6689
15.7727
15.8075
14.7523
16.2427
15.4982
15.956
15.6979
15.6008
15.6406
15.5443
15.9502
15.8404
15.8177
15.9266
15.5424
15.4945
16.0983
15.0057
15.5299
15.5494
15.8126
14.3992
15.6989
15.787
15.6953
16.5284
15.7932
15.9304
15.0063
15.3237
15.4952
15.5699
14.9258
15.4102
15.3234
15.614
14.6114
15.5566
15.4624
15.5617
15.0528
15.4173
15.2631
15.3836
15.6062
15.8147
15.6273
14.7855
15.4255
15.0458
15.5894
16.0645
15.6283
15.487
14.5656
15.2566
15.4448
15.5629
14.1925
15.6375
15.4005
15.2413
15.9089
15.1396
15.4798
15.708
14.9356
15.4624
15.3603
14.6699
15.427
15.2965
15.3553
14.8255
15.1357
15.8647
15.5146
14.6914
15.0488
15.6099
15.1286
15.0819
15.489
15.2875
15.7992
15.4839
15.6916
15.4025
15.8976
15.3899
15.5177
14.7193
15.9263
15.746
15.6737
15.6017
15.9908
16.0317
15.5761
15.7573
15.6137
15.4235
15.6406
15.4533
15.2548
15.4696
15.5464
15.6224
15.6365
15.2756
14.5797
16.4301
16.17
14.9857
16.0788
15.7753
15.003
15.7933
15.7952
15.9764
15.4696
16.1587
15.7358
17.6713
16.17
15.0253
15.8628
15.5163
15.7245
15.8761
16.1475
16.0174
15.5146
15.6252
15.7942
15.1276
16.1004
14.7717
15.9969
15.5306
15.2784
15.8751
15.3467
15.7993
15.8583
15.6457
15.6908
15.1318
15.6355
15.5263
15.3032
15.8175
15.5144
15.3091
15.8034
15.2829
15.8525
15.6447
15.402
15.4061
15.532
14.9836
15.1048
15.6006
15.334
15.3119
15.4957
15.4534
15.915
15.5638
15.8956
15.6228
15.6733
15.5481
15.6158
15.5401
15.4878
15.2794
15.7342
15.5897
15.8329
15.689
15.3293
15.8915
15.9293
14.9759
15.5894
15.5493
15.7824
15.4456
15.9181
14.7758
15.4653
15.5212
15.0518
15.5843
15.9201
15.8045
15.6344
15.6744
15.746
15.7611
14.8663
15.4644
15.6821
15.402
16.297
15.9478
16.0708
15.779
15.8623
15.3098
15.6176
15.5726
14.9242
16.0102
15.8145
14.719
15.477
15.6897
14.4805
15.6424
15.3991
15.6081
15.7645
16.2191
15.7737
15.6877
14.5947
15.5244
15.7819
15.0611
16.0881
15.7102
14.8204
15.8374
15.5473
14.3731
15.5691
15.5665
15.0262
15.1576
15.8085
15.273
15.4372
15.8188
14.6268
15.788
15.7464
14.8756
15.3919
15.5519
15.5903
15.2392
15.3653
15.4061
15.6737
14.5722
15.8095
15.6957
14.5388
15.6262
15.7348
14.5693
15.3749
15.5858
15.6231
15.4483
15.3172
15.4726
15.657
14.4783
15.4286
15.8242
15.2954
15.5856
15.8812
15.7338
15.5416
14.5674
15.7215
15.8288
14.7029
15.5404
15.7104
15.9191
15.7164
14.5203
15.6355
15.6157
16.067
15.6713
15.2996
15.3234
15.6872
15.6803
15.6027
15.4207
14.8887
15.5517
16.0487
14.8582
15.529
16.0195
15.1357
15.7399
15.2115
15.4388
15.7724
15.1675
15.7197
15.8413
16.4004
15.8408
15.3932
15.6112
15.4928
15.5167
15.6457
15.8317
15.1786
16.0471
15.8996
15.3325
15.8822
16.2048
15.966
15.7162
16.0685
15.5222
16.2816
15.6311
15.7471
14.8952
15.6462
15.7822
16.13
15.7129
15.0752
15.4724
16.0703
14.6428
15.2064
15.634
15.0414
15.7197
16.2765
15.7526
15.74
15.2177
16.3111
15.743
15.7833
15.9693
15.3719
15.6601
15.7869
15.562
15.8321
15.232
15.9744
16.0328
15.9826
16.0792
15.6909
15.6815
16.0594
15.8921
15.7642
15.149
15.5392
15.9757
16.4301
15.7106
15.499
16.0116
15.8833
15.5474
15.8429
15.894
16.0164
15.7551
15.7478
15.7972
15.9436
15.5524
16.1034
15.5978
15.9138
16.2447
15.5244
15.8833
15.6392
15.6979
14.9079
15.872
16.1362
15.7757
15.6524
16.1009
15.7317
15.8618
15.8818
15.5717
15.2207
15.7982
16.2053
15.6455
15.5114
15.1521
15.94
15.9444
15.4913
