18.3337
9.70854
10.2687
10.3485
10.3127
10.3414
10.3741
10.4796
10.3096
10.3055
10.3148
10.3127
10.2963
9.60717
9.12998
9.44845
9.43002
9.24774
9.31021
9.43514
9.31123
9.50682
9.2713
9.24672
9.16992
9.12384
9.12179
9.45357
10.1642
9.7239
9.61638
9.50477
9.73005
9.34093
9.66861
9.86726
9.93997
9.72493
9.81504
9.856
9.73005
10.0669
10.1253
10.0035
10.196
9.69421
9.44742
9.67885
9.83962
9.82938
9.85498
9.82118
9.88877
9.87955
10.0731
9.97478
9.85907
10.1612
10.2472
10.5994
10.4428
10.6301
10.2216
10.2615
10.2984
10.4018
10.8052
10.4612
10.9384
11.093
10.9732
10.7315
11.0213
10.879
11.0141
11.179
11.4954
11.1749
10.6394
11.0019
11.4463
10.8974
12.0822
11.2783
11.7371
11.7627
11.6275
11.777
11.7914
12.4733
11.5722
11.7883
12.2563
12.1928
12.2849
12.7078
11.9962
11.8661
12.2655
12.1825
12.2173
12.2204
12.5266
12.286
14.3944
13.5342
13.3386
14.3114
13.5004
13.4482
13.9325
13.7923
14.0585
13.524
13.4339
14.4507
13.6202
13.7165
13.7738
14.0544
14.6033
14.6872
13.4472
14.1588
14.7681
14.3831
15.2709
14.8777
14.9545
15.1153
15.1603
14.1957
15.402
14.6668
14.8623
15.3324
15.063
15.6488
15.8607
15.5126
15.9621
15.2637
15.786
16.0338
15.9785
15.9898
16.2734
15.6058
16.2191
16.5069
16.2642
16.2662
15.6416
16.5796
16.3635
16.5048
16.5939
15.9027
16.4577
16.7209
17.3261
17.409
16.5714
17.2708
16.7926
16.9923
16.9718
16.8192
17.3824
17.0998
16.853
17.15
17.3824
17.1909
16.6932
17.2933
17.5708
17.5647
17.5032
17.6179
17.8893
17.7838
17.9937
17.9354
18.4852
18.6788
18.0234
18.3593
18.4617
18.1729
18.2559
18.4463
19.1508
18.517
18.5078
18.4607
18.5395
18.9819
18.5846
18.5405
18.6706
18.9164
18.8652
18.7116
18.9358
18.7607
19.4509
19.3792
19.4949
19.6086
19.2635
19.7181
19.3085
20.4257
21.6515
19.3096
20.905
19.4468
20.3131
20.437
19.6485
21.505
20.5742
20.1605
21.1108
20.482
20.3899
21.2347
21.6156
21.0872
21.5337
21.6023
21.0924
21.6463
21.63
21.4989
22.0242
22.1686
22.6765
22.2945
22.7686
23.2438
22.9601
23.17
23.2038
23.4383
23.9636
23.9247
24.0937
24.1039
24.1347
24.5074
24.3436
24.8484
24.2043
24.066
24.9743
24.3763
24.575
24.5289
24.6426
24.8535
25.3624
24.8678
25.4208
24.96
24.618
24.7521
24.8371
24.7603
25.3358
24.8453
24.791
24.276
24.6426
24.66
24.6774
23.8387
23.7425
24.2237
23.6012
24.0077
23.8356
23.9862
23.0666
23.4138
23.9759
24.1367
23.3871
23.7015
23.6227
22.9673
23.2325
23.0042
22.9386
22.2208
22.4809
22.5004
22.6243
23.2212
21.7682
23.3359
22.0897
22.1798
22.7359
22.9222
22.8393
23.3472
23.2724
22.5311
22.3703
22.357
21.6678
22.9274
21.676
22.0457
21.6576
21.4333
21.3125
21.9351
22.2843
22.4758
22.6939
22.8055
21.7129
21.6156
22.6867
21.4252
21.29
22.2515
21.3719
21.3914
21.3309
20.5957
20.693
21.1845
20.8179
20.7258
20.6889
20.9285
21.2378
20.9818
21.1476
21.0391
20.8067
20.8579
20.7104
20.9848
21.0371
21.716
21.1958
21.5501
21.2767
21.6033
21.1036
21.4118
21.3146
21.1231
21.7661
20.9725
21.3064
21.3832
21.3596
21.2275
21.7477
21.3484
21.4262
21.3084
21.1814
21.2316
21.5931
21.4313
21.4815
21.6228
22.2259
21.7088
21.7795
21.588
21.3187
21.7078
21.0975
22.2065
23.1782
21.7364
22.101
21.5491
21.8737
21.3156
21.9197
21.5777
21.6791
21.1886
21.8153
21.1948
21.4333
21.5245
21.7825
20.9654
21.7426
21.5788
21.76
21.5101
21.5245
21.2224
21.4886
21.2613
21.332
21.4088
21.1896
21.3166
21.0708
21.3115
21.0504
21.4671
20.8241
21.2726
21.2603
21.2808
20.7544
21.0586
21.2285
20.6653
20.6531
20.8548
20.9101
20.6612
21.1548
20.864
20.9111
21.3094
20.7094
20.736
20.6326
21.5327
21.0186
21.1405
20.6633
21.1128
20.7155
20.5271
20.4042
20.4861
20.4247
20.0899
20.5978
20.2609
21.0504
20.3561
20.3008
20.35
19.9475
20.5363
19.967
20.4882
20.4145
19.798
20.0428
19.9025
20.18
20.5169
20.351
20.3745
19.9117
19.8902
19.9066
20.1318
20.268
20.0366
20.8927
19.9721
20.2281
19.969
20.2465
20.4442
20.1452
20.5107
19.9649
20.0663
20.1349
20.2086
20.0888
19.7386
20.1728
20.4442
20.308
20.1687
20.0479
19.8308
20.1636
20.0755
20.223
19.9977
19.8011
20.1421
19.7632
19.7632
19.9434
19.7458
20.223
19.9107
20.1165
20.1697
20.1196
20.0387
19.8031
19.8666
19.8994
19.882
20.0745
20.0202
19.7704
19.84
19.754
19.4591
20.0325
19.5891
19.7765
19.37
19.7868
19.1191
19.0976
19.5543
19.3905
19.4632
19.4888
19.0177
19.4017
19.6291
19.1437
19.3004
19.3321
19.0095
19.2666
19.4642
18.8744
19.5461
19.0269
19.2328
19.7898
19.3034
19.5164
19.4867
19.3987
19.4826
19.9383
19.8359
19.6106
18.7955
19.5359
18.8109
19.412
18.7832
18.7085
18.6788
19.0607
19.3464
18.5692
18.8488
19.455
18.7484
19.287
19.2184
18.8221
19.3946
19.3341
19.1754
19.2102
19.2082
19.0792
19.1631
18.9942
19.0556
18.9338
19.1601
18.7679
18.7433
19.1089
19.3577
19.7079
18.8416
18.86
18.9512
19.2758
18.7904
18.9215
18.7658
18.6993
18.7208
18.9594
19.0044
19.1713
19.2522
18.9757
19.1181
19.2543
19.2082
19.4959
19.4949
19.0024
19.3362
19.2338
19.3413
19.3772
18.8119
19.586
19.4611
19.0566
19.0904
19.3905
18.8426
19.2809
19.1959
19.1181
19.3362
19.4499
18.8611
19.3751
19.2205
19.1969
19.4376
19.4048
18.8068
19.4191
18.7822
19.3434
19.2891
18.8273
19.1181
19.4345
18.9716
19.2584
19.2881
19.2727
19.2389
19.497
19.1017
19.2256
19.2952
18.8211
18.9348
19.2266
19.1498
19.198
19.4591
19.1427
19.0884
19.5113
19.0607
19.3915
19.0474
19.2276
19.1345
18.985
19.2635
19.3382
19.1232
19.33
19.0751
19.074
19.1508
19.4068
19.2174
19.3731
19.413
19.0925
19.2707
19.2389
19.0065
19.1928
19.4918
19.1836
19.4703
18.9327
19.116
19.4929
19.1283
19.3802
19.3188
19.157
19.3649
19.1785
19.1764
19.0587
18.8733
19.2788
18.8088
19.5164
19.3034
20.1902
19.6178
18.9266
19.2891
18.7587
19.3208
19.4263
18.8375
19.3014
19.5123
19.2461
19.3147
19.3597
19.0444
19.1867
19.1816
19.1171
19.1611
19.3915
19.1488
19.1928
18.9204
19.1068
19.541
18.7832
19.1867
18.9563
19.0556
19.3157
19.0444
18.8477
19.1007
19.1375
18.8006
18.9102
19.3946
18.8457
19.3075
19.4028
18.4781
18.9901
19.1969
18.8867
19.0935
18.9614
19.2778
19.3178
18.8488
19.3413
19.2686
19.0546
19.1928
19.5174
19.201
19.4714
19.2154
19.1283
19.03
19.241
18.9778
19.2686
19.1662
18.9092
19.0638
19.1099
19.1867
19.1457
19.4785
18.7853
19.116
19.5942
19.243
19.3915
19.1017
19.2717
19.3464
19.3106
19.2389
19.2481
19.115
19.3843
19.5052
19.2215
19.371
19.6936
19.2573
19.5615
19.1263
19.4478
19.541
19.2328
19.3628
19.4017
19.3014
19.5625
19.583
19.1928
19.2072
19.9188
19.4642
19.5185
19.2225
19.3556
19.5318
19.37
19.5574
19.3413
19.1181
19.3925
19.5983
19.4079
19.6198
18.9379
19.3485
19.5103
19.2297
19.2768
19.2307
19.2256
19.2195
19.3362
19.0024
19.2399
19.2348
18.903
19.1908
19.5523
19.028
18.6624
18.9901
18.9594
19.0474
19.1836
19.0065
19.0679
19.4621
19.0413
18.7873
18.6962
19.0638
19.2184
18.7853
19.0822
18.9706
18.858
19.1283
18.9471
19.0484
19.2174
19.4652
18.9153
19.0587
19.2655
18.7781
18.9389
19.3229
18.814
18.7433
19.4191
18.5211
18.9696
19.1447
18.517
18.9768
18.9747
18.8017
19.0822
19.1293
18.9624
19.2676
19.242
18.8959
18.7259
19.0618
18.3572
18.8846
18.7628
18.7607
18.774
18.985
18.9235
19.0167
19.0403
18.6348
18.814
18.9614
18.8805
18.8518
18.9645
18.6972
19.0116
19.0976
18.8068
18.945
18.8703
18.431
18.9225
19.0095
18.6655
19.0392
18.9747
18.7894
